2 0.16953125 0.23984375 0.3390625 0.4796875
4 0.453125 0.01875 0.190625 0.0375
4 0.58125 0.0296875 0.234375 0.059375
4 0.7 0.04765625 0.28125 0.0953125
4 0.69296875 0.23984375 0.6140625 0.4796875
2 0.16953125 0.72421875 0.3390625 0.4890625
1 0.44140625 0.8 0.2046875 0.4
1 0.4859375 0.84609375 0.28125 0.3078125
1 0.63046875 0.8765625 0.1984375 0.246875
1 0.74765625 0.87890625 0.2140625 0.2421875
1 0.89296875 0.89765625 0.1484375 0.2046875
1 0.978125 0.90859375 0.04375 0.1828125
1 0.94453125 0.909375 0.0921875 0.18125